# Array shape: (10, 10, 3)
# New slice
0001110010011101 0001100010101010 0100000000000000
1101101111110010 1101000001100001 0111001111001001
1111111100010100 1110000101000101 0110111101101010
1111010111100101 0110001000001110 0000011110001001
0011100101011010 0100101110001100 0100111100011011
0001111101011010 0100101111000101 1000000011101110
0001001010111101 0100100011000101 1001000100101001
0001111101111000 0100100011101000 1111110001010110
0100101100000100 0100011000101001 1100000010010011
0111110101001110 0101011110100111 0011111000111000
# New slice
0000110011101100 0001011100100110 1000000000000000
1000010000110011 1000001000011011 0000010101001100
1011000111010100 1101010001110010 0110100010000111
1010001000110011 1000011111000100 0010110000011100
0101110111000111 0101110111001011 0100101011100101
0011110001000101 1101001001101110 0010100101011000
0011000100011010 0100110111100111 1100000111101110
0100001101111110 0101110101100111 0110110000000111
1110110010000111 0101111111001001 0011110001000101
1001100001000101 0101101110100101 0011100100001100
# New slice
1011111011101001 0110010100110000 1000011001011101
0111001110100111 0110010011111001 0101111000010010
1011011110101100 1000111110000010 0010100011010011
1111000110010100 1100011011001110 0101111111100111
1001111101111011 0111111011111010 0011101100111110
1100000111101110 0110111010000111 1011110100001100
0110111010101010 0100100101011000 0001111100100000
0110010101001110 0110011100111000 0010110101011101
1001110101111111 1000010100110001 0010100111000011
1111001011111000 1100110100010011 0110100011101011
# New slice
0011111011101011 1000001000000011 0100001101010001
0101001101101110 0111101111100101 1010111110101110
0110101010110101 0101110111101111 0001011101100010
1011001100101011 1001101001110001 0010000101111000
1111111100010100 0101101111111010 0111111001010110
1111111111010100 1110110010101000 0001001100010011
1111111010010100 1111111010001100 1001001111011010
1111010111100010 1110001100101101 0111111100110011
1111010000011101 1101010001010011 0110011011000001
1011101011011100 1000100101000101 0010011110100111
# New slice
0011001101011100 1001001101010011 1101001001100101
0100101100001110 1010111110101110 1010010001001101
0100100101011000 0111010100101100 0011101011111110
1110110010100100 1101001000110011 0111100101000000
1111010000101011 0101110111000000 0111100110011111
1111111110010101 0111011111101110 1000000100111111
1111101110010100 1111111110110100 1000111111101110
1111010011000010 1111000111110100 1000101111000010
1111110110111100 1111001000011101 1001001011001010
1101010111000000 1100100100010001 0011011000000000
# New slice
0101011001111010 1110010001001001 1101001011001001
1110001100001110 1001101010001100 1010011001100111
1000011110101110 1001001100110011 0110010011101011
1100010011011010 1101000011100101 0111000110001001
0100011110101001 0011011010000101 0000001000000000
1111100010110110 1101011100010110 1110101101110100
1111100001100011 1111011111111000 0110010111100101
1111010100001011 1110111001000101 0101100110001001
1110011011100110 1101101101111010 1001001000001011
0011010110111111 0010011001000110 0000000000000001
# New slice
1001001100010010 1010100001011111 1111000101000111
1000101110010100 1100011000011101 1000001111101110
1110000100010011 1100010101111101 1000111111101110
0101001111100111 0010000001101110 0000000000100000
0100010110011101 0011010010111011 0000000001000000
1110111010001110 1100011001011111 0110110010010001
1111100100101110 1010100010110110 0100011011010001
1110111101000111 1110000011001101 0110000110100010
0100100011100001 0011000101100010 0100000000000000
0011111111101001 0010101110011101 0000000000001000
# New slice
0100101011100010 1010111011010110 1011100011010100
0110011111001001 0101000110001001 0100011010100001
1011010011011000 0111011000000001 0110001101110110
1111110110010100 1100000101111100 1111001000010110
1111111110110100 1101101110000000 0011001000010110
0111001000110001 1101001110010000 0101111111011011
1001001010100000 0111010001010110 0000000000000010
1110111101000100 1101000010101100 0100110100100110
1111100011100111 1101011110011110 0110011011010011
1111010011000010 1100111100111001 0110101011111101
# New slice
1110110101101011 1100001110011000 1101001100000000
1000101110111100 0101011001111010 0100111010010011
1001010011000000 0100111100001100 0001110011000111
1101110110111000 1001011010110100 0101111000101110
1111110110010100 1100001001001001 0100010100110100
1010000001011110 0111011011001001 0000000000001000
1010110000100101 0111100110001101 0000010000000000
0010011110101100 0111100110001011 0100000000000000
1111111110000100 1101111100100101 0001011110110001
1110110101100001 1011111101000111 0011100011110011
# New slice
1111111100010100 1110011011100000 1111010110000010
0111111110010100 1100010001101011 1011111100010111
1010011110111100 0101100001111000 0001111100011000
1011100011110101 1110110010000111 0000111001100000
1110000111010100 1011001011011000 0100011011101001
1110101101111111 1011110100111101 0010100100011010
1110101010110110 1011001010100000 0011111000111000
1110111101000111 0011011101111101 1010111000111000
1100100010110110 1011110010011000 0000001001010100
1111101011011000 1100011111010100 0001000000000000
