# Array shape: (10, 10, 3)
# New slice
0001110010111101 0001100010101011 0000000000000000
1101101111111010 1101000001100101 0111011111001001
1111111110010100 1110000100000101 0110111101100010
0111010111100101 0110001100001110 0000111110001001
0011100100011010 0100101100001100 0100111100011010
0001111101011000 0100101011000101 1000000111101110
0001001011111101 0100101011000101 1001010100101001
0001111101011000 0100100011101001 0111110001010110
0100101100001100 0100011010101001 0100000010010011
0110110101001110 0101001110100111 0010111000111000
# New slice
0000110001101100 0001011100100010 0000000000000000
1000010000110001 1000001000001011 0100010101001100
1111000111010100 1101010001110011 0110110010000111
1010001001110011 1000011111010100 0010110000010100
0101110111100111 0101111111001011 0100101011000101
0011110011000101 0101001001101110 0110100101011000
0011100100011010 0101110111100111 1000000111101110
0100001101110110 0101110111100111 0110110010000111
0110110010000111 0101111111001011 0011110011000101
1001100101000101 0111101110100101 0011110100001100
# New slice
0011111011101001 0110010100110100 1000011000011101
0101001110100111 0110010011111101 0101111000000010
1010011110101100 1000110110000010 0011100011010011
1111000111010100 1100011010001110 0101110111100111
1001111101111111 0111111001111010 0011101100110110
1000000111101110 0110110010000111 0011110100001100
0110111010101011 0110100101011000 0011111100100000
0110110101001110 0110011100011000 0010110111011101
1001111101111111 1000010000110001 0010100111001011
1111001111111000 1100110100010001 0110000011101011
# New slice
0011111011101001 1000001000001011 1100001101010001
0101001001101110 0111101110100101 1000111110101110
0110101010111101 0101110111100111 0001011100100010
1011001101101011 1000101001110001 0010000001111000
1111111110010100 1101101111111010 0111110001010110
1111111110010100 1110110010100000 1001001100010011
1111111110010100 1110111010001100 1001001011011010
1111010111000010 1110001100101001 0111111110110011
1111000000011101 1101010001110011 0110011011010001
1011101011011000 1001100101000101 0010010110100111
# New slice
0011001101001100 1001001100010011 1101000001100101
0100101100001100 1000111110101110 1010010001001001
0110100101011000 0111010000101100 0011101011111111
1110110010100000 1101101000110011 0111100001000000
1111010000001011 1101110111000000 0111110110011111
1111111110010100 1111011111101110 1001000100111111
1111111110010100 1111111110010100 1000111110101110
1111010111000010 1111000111010100 1000001111000010
1111110110111000 1111000000011101 1001001011011010
1101110111000000 1100110100010001 0111011000000000
# New slice
0101011001111000 1010010001001001 1101001001001001
0110001100001110 1001100010001100 1010011001100101
1000111110101110 1001001100010011 0110000011101011
1110010011011010 1101000001100101 0111100110001001
0100011010101001 0011001010000101 0000000000000000
1110100010110110 1101011110010110 0110101101110100
1111100001100111 1111001111111000 0111010111100101
1111010000001011 1110111101000101 0111100110001001
1110011011110110 1101101111111010 1000001000001011
0011010010111111 0010011001000010 0000000000000000
# New slice
1001001100010011 1010000001011111 1011000101000111
1000100110010100 1000011000011101 1000000111101110
1110010100010011 1100000101111101 1000111110101110
0101001110100111 0010010001101110 0000000000000000
0101010110011101 0011010010111111 0000000000000000
1110111010001100 1101011001011111 0110100010010001
1111100110101110 1110100010110110 0110011011010001
1110111101000101 1110000011001100 0110000100100010
0100100011101001 0011000101100000 0000000000000000
0011111011101001 0010001110011101 0000000000000000
# New slice
1100101011100010 1010111111010110 1011100011110100
0111011111001001 0101000110001011 0100011010101001
1011010010011000 0111011000000000 0100001101110110
1111111110010100 1100000101111101 0111001000010110
1111111110010100 1101001110000000 0111001000010110
1111001000110001 1101001110000000 0101111111001011
1001101010100000 0111110001010110 0000000000000000
1110111101000101 1101000110101100 0100110100110110
1111100001100111 1101011110010110 0110011011010001
1111010111000010 1100111100111101 0110101010111101
# New slice
1110110101101001 1100001010011000 1101001110000000
1000101110111000 0101011001111000 0100111011010011
1001010011100000 0100101100001100 0001010011000111
1111110110111000 1011011010110100 0101110000101110
1111111110010100 1101001001001001 0110010100110100
1010000001011111 0111011111001001 0000000000000000
1010100000100101 0111100110001001 0000000000000000
1010011110101100 0111100110001001 0000000000000000
1111111110010100 1101111000100101 0101011110110001
1110110101101001 1011111100000111 0011100011010011
# New slice
1111111110010100 1110001011100000 1111010111000010
1111111110010100 1100010101101011 1011111100000111
1010011110101100 0101100000111000 0001111101011000
1011100011110100 0110110010000111 0000111001000000
1111000111010100 1011101011011000 0100011010101001
1110100101111111 1011100100111101 0011100100011010
1110100010110110 1011001010100010 0010111000111000
1110111101000101 1011011101111101 0010111000111000
1110100010110110 1011010010011000 0010001001010100
1011101011011000 1000011111010100 0000000000000000
