# Array shape: (10, 10, 3)
# New slice
00011100 00011000 00000000
11011011 11010000 01110111
11111111 11100001 01101111
01110101 01100011 00001111
00111001 01001011 01001111
00011111 01001010 10000001
00010010 01001010 10010101
00011111 01001000 01111100
01001011 01000110 01000000
01101101 01010011 00101110
# New slice
00001100 00010111 00000000
10000100 10000010 01000101
11110001 11010100 01101100
10100010 10000111 00101100
01011101 01011111 01001010
00111100 01010010 01101001
00111001 01011101 10000001
01000011 01011101 01101100
01101100 01011111 00111100
10011001 01111011 00111101
# New slice
00111110 01100101 10000110
01010011 01100100 01011110
10100111 10001101 00111000
11110001 11000110 01011101
10011111 01111110 00111011
10000001 01101100 00111101
01101110 01101001 00111111
01101101 01100111 00101101
10011111 10000100 00101001
11110011 11001101 01100000
# New slice
00111110 10000010 11000011
01010010 01111011 10001111
01101010 01011101 00010111
10110011 10001010 00100000
11111111 11011011 01111100
11111111 11101100 10010011
11111111 11101110 10010010
11110101 11100011 01111111
11110000 11010100 01100110
10111010 10011001 00100101
# New slice
00110011 10010011 11010000
01001011 10001111 10100100
01101001 01110100 00111010
11101100 11011010 01111000
11110100 11011101 01111101
11111111 11110111 10010001
11111111 11111111 10001111
11110101 11110001 10000011
11111101 11110000 10010010
11011101 11001101 01110110
# New slice
01010110 10100100 11010010
01100011 10011000 10100110
10001111 10010011 01100000
11100100 11010000 01111001
01000110 00110010 00000000
11101000 11010111 01101011
11111000 11110011 01110101
11110100 11101111 01111001
11100110 11011011 10000010
00110100 00100110 00000000
# New slice
10010011 10100000 10110001
10001001 10000110 10000001
11100101 11000001 10001111
01010011 00100100 00000000
01010101 00110100 00000000
11101110 11010110 01101000
11111001 11101000 01100110
11101111 11100000 01100001
01001000 00110001 00000000
00111110 00100011 00000000
# New slice
11001010 10101111 10111000
01110111 01010001 01000110
10110100 01110110 01000011
11111111 11000001 01110010
11111111 11010011 01110010
11110010 11010011 01011111
10011010 01111100 00000000
11101111 11010001 01001101
11111000 11010111 01100110
11110101 11001111 01101010
# New slice
11101101 11000010 11010011
10001011 01010110 01001110
10010100 01001011 00010100
11111101 10110110 01011100
11111111 11010010 01100101
10100000 01110111 00000000
10101000 01111001 00000000
10100111 01111001 00000000
11111111 11011110 01010111
11101101 10111111 00111000
# New slice
11111111 11100010 11110101
11111111 11000101 10111111
10100111 01011000 00011111
10111000 01101100 00001110
11110001 10111010 01000110
11101001 10111001 00111001
11101000 10110010 00101110
11101111 10110111 00101110
11101000 10110100 00100010
10111010 10000111 00000000
